y <- c(1.0,1.0,1.0,1.0,1.0,1.0,1.0,1.0,1.0,1.0,1.0,1.0,1.0,1.0,1.0,1.0,1.0,1.0,1.0,1.0,1.0,1.0,1.0,1.0,1.0,1.0,1.0,1.0,1.0,1.0,1.0,1.0,1.16666666667,1.33333333333,1.4,1.5,1.5,1.5,1.5,1.6,1.6,1.61538461538,1.64285714286,1.66666666667,1.71428571429,1.74074074074,1.75,1.8,1.8,1.8,1.81818181818,1.83333333333,1.83333333333,1.83333333333,1.85714285714,1.85714285714,1.86666666667,1.90322580645,1.93333333333,1.9375,1.95348837209,1.95652173913,2.0,2.0,2.0,2.0,2.0,2.0,2.0,2.0,2.0,2.0,2.0,2.0,2.0,2.0,2.0,2.0,2.0,2.0,2.0,2.0,2.0,2.0,2.0,2.0,2.0,2.0,2.0,2.0,2.0,2.0,2.0,2.03703703704,2.07692307692,2.11111111111,2.11111111111,2.11111111111,2.125,2.125,2.13157894737,2.14285714286,2.14285714286,2.15384615385,2.15789473684,2.16666666667,2.16666666667,2.16666666667,2.16666666667,2.16666666667,2.18181818182,2.18181818182,2.1884057971,2.2,2.2,2.2,2.2,2.2,2.2,2.21951219512,2.22222222222,2.23076923077,2.23076923077,2.23880597015,2.24,2.24444444444,2.25,2.25,2.25,2.25,2.25,2.25,2.26086956522,2.27272727273,2.27272727273,2.27777777778,2.28,2.28571428571,2.28571428571,2.28947368421,2.29411764706,2.30434782609,2.30769230769,2.3125,2.33333333333,2.33333333333,2.33333333333,2.33333333333,2.33333333333,2.33333333333,2.33333333333,2.33333333333,2.33333333333,2.34375,2.375,2.39285714286,2.39682539683,2.4,2.4,2.4,2.4,2.4,2.40540540541,2.41666666667,2.42857142857,2.42857142857,2.42857142857,2.42857142857,2.42857142857,2.44444444444,2.44444444444,2.44444444444,2.44444444444,2.44897959184,2.45,2.45161290323,2.45238095238,2.45454545455,2.45454545455,2.45833333333,2.46153846154,2.47058823529,2.47368421053,2.48717948718,2.5,2.5,2.5,2.5,2.5,2.5,2.5,2.5,2.5,2.5,2.5,2.5,2.5,2.5,2.5,2.5,2.5,2.5,2.51162790698,2.51162790698,2.51515151515,2.51612903226,2.51851851852,2.51851851852,2.52173913043,2.52941176471,2.53333333333,2.53846153846,2.54545454545,2.54545454545,2.546875,2.54838709677,2.55555555556,2.55813953488,2.55882352941,2.5625,2.5652173913,2.56756756757,2.57142857143,2.57142857143,2.57142857143,2.57142857143,2.57480314961,2.57894736842,2.58064516129,2.58333333333,2.58928571429,2.6,2.6,2.6,2.6,2.60606060606,2.61666666667,2.62068965517,2.625,2.625,2.625,2.62790697674,2.63157894737,2.63414634146,2.63636363636,2.63636363636,2.64285714286,2.64705882353,2.65217391304,2.65934065934,2.66666666667,2.66666666667,2.66666666667,2.66666666667,2.66666666667,2.66666666667,2.66666666667,2.66666666667,2.66666666667,2.66666666667,2.66666666667,2.66666666667,2.67567567568,2.67647058824,2.68,2.68181818182,2.68309859155,2.68421052632,2.68421052632,2.68518518519,2.6875,2.69230769231,2.69230769231,2.7,2.7,2.7,2.7,2.70149253731,2.70212765957,2.70297029703,2.71428571429,2.71428571429,2.71698113208,2.72093023256,2.72222222222,2.72307692308,2.72340425532,2.72727272727,2.72972972973,2.73333333333,2.7358490566,2.73684210526,2.74257425743,2.74576271186,2.75,2.75,2.75,2.75,2.75,2.75,2.75,2.75,2.75862068966,2.75862068966,2.76,2.7619047619,2.7619047619,2.76470588235,2.76923076923,2.77192982456,2.77272727273,2.77272727273,2.77419354839,2.77777777778,2.77777777778,2.78125,2.78260869565,2.8,2.8,2.8,2.8,2.8,2.8,2.8,2.8,2.8,2.80392156863,2.80821917808,2.8125,2.81481481481,2.81609195402,2.82051282051,2.82142857143,2.82352941176,2.82608695652,2.83333333333,2.83333333333,2.83333333333,2.83333333333,2.83582089552,2.83870967742,2.84375,2.84615384615,2.84615384615,2.84792626728,2.85,2.85365853659,2.85714285714,2.86363636364,2.86666666667,2.86956521739,2.87179487179,2.875,2.875,2.875,2.875,2.87755102041,2.87804878049,2.88732394366,2.88888888889,2.89583333333,2.89743589744,2.8984375,2.9,2.90697674419,2.90825688073,2.90909090909,2.91666666667,2.92307692308,2.92307692308,2.925,2.92682926829,2.93103448276,2.93150684932,2.93181818182,2.93333333333,2.93333333333,2.93333333333,2.93939393939,2.953125,2.9552238806,2.96103896104,2.96296296296,2.96666666667,2.98069498069,3.0,3.0,3.0,3.0,3.0,3.0,3.0,3.0,3.0,3.0,3.0,3.0,3.0,3.0,3.0,3.0,3.0,3.0,3.0,3.0,3.0,3.0,3.0,3.0,3.0,3.0,3.0,3.0,3.0,3.0,3.0,3.0,3.0,3.0,3.0,3.0,3.0,3.0,3.0,3.0,3.0,3.0,3.0,3.0,3.0,3.0,3.0,3.0,3.0,3.0,3.0,3.0,3.0,3.0,3.0,3.0,3.0,3.0,3.0,3.01369863014,3.01886792453,3.02150537634,3.02222222222,3.02325581395,3.03125,3.03149606299,3.03333333333,3.03418803419,3.04054054054,3.04545454545,3.04545454545,3.04854368932,3.05263157895,3.05263157895,3.05555555556,3.06,3.0612244898,3.0612244898,3.0652173913,3.06779661017,3.06818181818,3.0701754386,3.07407407407,3.07692307692,3.07692307692,3.07843137255,3.08108108108,3.08333333333,3.08695652174,3.0871559633,3.08759124088,3.09090909091,3.09090909091,3.09523809524,3.09677419355,3.09677419355,3.1,3.1,3.10204081633,3.10526315789,3.10526315789,3.11111111111,3.11111111111,3.11111111111,3.11111111111,3.11111111111,3.11458333333,3.11956521739,3.12222222222,3.125,3.12698412698,3.12962962963,3.13043478261,3.13043478261,3.13333333333,3.136,3.13924050633,3.14173228346,3.14285714286,3.14285714286,3.14285714286,3.14285714286,3.14285714286,3.14634146341,3.14705882353,3.14814814815,3.15048543689,3.15217391304,3.15384615385,3.15384615385,3.15384615385,3.15517241379,3.15670103093,3.15909090909,3.16062176166,3.16129032258,3.16176470588,3.1625,3.16279069767,3.16666666667,3.16666666667,3.16666666667,3.16666666667,3.16666666667,3.16666666667,3.16666666667,3.16666666667,3.16666666667,3.16949152542,3.171875,3.17391304348,3.17777777778,3.17857142857,3.18181818182,3.18181818182,3.1935483871,3.2,3.2,3.2,3.2,3.2,3.20408163265,3.20512820513,3.20610687023,3.20792079208,3.20833333333,3.21052631579,3.21052631579,3.2131147541,3.21501706485,3.22033898305,3.22222222222,3.22222222222,3.22580645161,3.22666666667,3.22772277228,3.23076923077,3.23076923077,3.23076923077,3.23214285714,3.23222748815,3.23333333333,3.24,3.24,3.24,3.24038461538,3.24175824176,3.24615384615,3.25,3.25,3.25,3.25,3.25,3.25,3.25,3.25,3.25531914894,3.25531914894,3.25641025641,3.2602739726,3.26436781609,3.27272727273,3.27272727273,3.27380952381,3.27586206897,3.27950310559,3.28476821192,3.28571428571,3.28571428571,3.28571428571,3.28571428571,3.29032258065,3.29411764706,3.2962962963,3.3,3.3,3.3023255814,3.30434782609,3.30769230769,3.3125,3.3125,3.31395348837,3.31578947368,3.31818181818,3.31818181818,3.31932773109,3.32098765432,3.32317073171,3.32352941176,3.33333333333,3.33333333333,3.33333333333,3.33333333333,3.33333333333,3.33333333333,3.33333333333,3.33620689655,3.33802816901,3.34042553191,3.34705882353,3.35483870968,3.35542168675,3.35668789809,3.35714285714,3.35897435897,3.359375,3.36,3.36046511628,3.36363636364,3.37007874016,3.375,3.375,3.37714285714,3.37837837838,3.38,3.38596491228,3.38596491228,3.38926174497,3.39130434783,3.4,3.4,3.4,3.4,3.4,3.40740740741,3.40816326531,3.41145833333,3.41666666667,3.41666666667,3.41772151899,3.41847826087,3.42105263158,3.421875,3.42372881356,3.42424242424,3.42682926829,3.42786069652,3.42857142857,3.42857142857,3.42857142857,3.42857142857,3.43076923077,3.4375,3.43822843823,3.44142259414,3.44444444444,3.4472361809,3.45360824742,3.45454545455,3.45614035088,3.45652173913,3.45679012346,3.45806451613,3.45833333333,3.45882352941,3.4598540146,3.46,3.46031746032,3.46078431373,3.46153846154,3.46153846154,3.46153846154,3.46376811594,3.46470588235,3.46478873239,3.46590909091,3.46666666667,3.46875,3.46875,3.47619047619,3.48148148148,3.48181818182,3.48275862069,3.484375,3.48684210526,3.48717948718,3.48888888889,3.49593495935,3.5,3.5,3.5,3.5,3.5,3.5,3.5,3.5,3.5,3.5,3.5041322314,3.51333333333,3.51479289941,3.51515151515,3.51685393258,3.52325581395,3.52941176471,3.53,3.53225806452,3.53594771242,3.53691275168,3.53913043478,3.53990610329,3.54347826087,3.54545454545,3.54545454545,3.54938271605,3.55,3.55023923445,3.55555555556,3.55555555556,3.55555555556,3.55660377358,3.55737704918,3.5625,3.5625,3.5652173913,3.56950672646,3.56962025316,3.56983240223,3.57142857143,3.57142857143,3.57894736842,3.58139534884,3.58333333333,3.5873015873,3.58974358974,3.59259259259,3.59558823529,3.6,3.60112359551,3.6015037594,3.60869565217,3.60869565217,3.609375,3.61085972851,3.61111111111,3.61111111111,3.61111111111,